 2455847.5360               9.125           1.625
 2455850.5152              -2.686           0.890
 2455851.5180              -4.666           0.706
 2455852.5045              -6.947           1.092
 2456042.7927              -6.465           1.160
 2456043.8779              -6.937           1.137
 2456045.8876               5.048           1.389
 2456046.9391               0.114           0.970
 2456048.9423              -1.187           0.921
 2456162.5915               2.068           2.299
 2456164.6512              -2.643           1.748
 2456165.6325               1.801           0.947
 2456378.9070              -6.377           0.816
 2456484.7437              -1.255           1.642
 2456485.7238               1.533           0.854
 2456486.7021               3.352           0.761
 2456487.7059               3.837           0.748
 2456488.7268               4.882           0.931
 2456489.6941               2.076           0.967
 2456490.7004              -3.097           0.859
 2456557.5900               0.103           2.160
 2456558.5718              -3.013           0.877
 2456559.5827               0.000           1.072
 2456560.5783              -2.260           0.800
 2456850.7138              -7.383           1.380
 2456851.7248              -4.385           1.046
 2456852.7297              -4.757           1.154
 2456853.7941              -0.031           1.738
 2456855.7251               2.269           1.041
 2456856.7152              -1.242           0.914
 2456904.5739              -0.407           0.969
 2456906.5730               3.970           1.953
 2456907.5869               0.716           1.294
 2456961.5046               8.793           2.414
 2456965.5012              -9.217           0.729
 2456966.5212              -6.730           1.003
 2457226.7164              10.100           0.864
 2457227.7028               9.493           0.816
 2457228.6975               3.450           1.112
 2457229.7108               4.523           0.737
 2457230.6985               1.346           0.754
 2457232.6700               2.384           1.417
 2457283.5489              -5.989           1.395
 2457284.6006              -5.419           0.983
 2457587.7178               0.707           0.979
 2457588.7734               3.050           1.289
 2457664.6110               4.429           0.861
 2457665.5491              -2.772           0.870
 2457682.4989              -1.176           0.886
 2457683.5685              -4.739           1.168
 2458047.5043               1.268           0.693
